
============================================================
mapdatalv0 (size=4084)
============================================================
Dimensions: 30x34 = 1020 tiles

  Layer 0: offset=4, size=1020
  Unique values: [1, 2, 3, 4, 5, 6, 7, 8, 9, 10, 11, 12, 13, 14, 15, 16, 17, 18, 19, 20, 21, 22, 23, 24, 25, 26, 27, 28, 29, 30, 31, 32, 33, 34, 35, 36, 37, 38, 40, 41, 42, 43, 44, 45]
  Grid (30x34):
    1C 1D 20 21 26  4 12  9  9  9  9  9  8  5 20 21 26  8 12 14 15  9  9  9  8 1C 1D  5  5 1C 
    20 21  5 2D 2C  8 12  9  9  9  9  9  4 1C 1D 2D  5  4 12 18 19  9  9  9  4 20 21 1C 1D 20 
     5  5  5  5  5  4 12  9 14 15  9  9  8 20 21 2C 26  8 12  9  9  9  9  9  8 26  5 20 21  5 
     5  5  5  5  5  8 1A  9 18 19  9  9  4 2D 26 1C 1D  4 12  9  9  9  9  9  4  5 24 25 26  5 
     5  5  5  5 2D  4 1B  9  9  9  9  9  8 26 2D 20 21  8 12  9  9  9 14 15  8  5 28 29 2C 2D 
     5 1C 1D  5 26  8 12  9  9  9  9  9  4 24 25  5 2D  4 12  9 18  9 18 19  4  5  5 26  5  5 
     5 20 21 2D  5  F  1  9  9  9  1  2  F 28 29  5  5  F  3  1  9  9  9  1  F  5  5 2A 2B 1C 
     5  5  5  5  5  5  8 12 18  9  4  5  5 26  5 1C 1D  5  5  8 12  9  9  8  5 2A 2B  5 26 20 
     D  E  D  E  D  E  C 12  9  9  8  5  5 2C 2D 20 21  5  5  4 12  9  9  C  D  E  D  E  D  E 
     6  7  6  7  6  7  B 12  9  9  4 2A 2B  5  5  5  5  5  5  8 12  9  9  A  6  7  6  7  6  7 
    11 11 11 11 11 11 11  9 14 15  8  5 26  5  5  5  5  5  5  4 1A  9  9 13 11 11 11 16 17 11 
     9  9  9  9  9  9  9  9 18 19  4  5  5  5  5  5  5  5  5  8 1B  9  9  9 14 15  9  9  9  9 
     9 18  9  9  9  9  9  9  9  9  8  5  5  5 1C 1D  5  5  5  4 12  9  9  9 18 19  9  9  9  9 
     9  9  9  1  2  3  2  3  2  3  F  5  5 2C 20 21  5  5  5  F  2  3  2  3  2  3  1  9 14 15 
     9  9  9  4  5  5  5 2D 26  5  5  5 2D 1C 1D 2A 2B  5  5  5 24 25  5  5  5  5  4 12 18 19 
     9  9 18  8  5 2A 2B 2C  5  5  5  5  5 20 21  5 2A 2B  5  5 28 29  5  5  5  5  8 12  9  9 
     9  9  9  4  5  5  5  5  5  5 1E 1F  5  5  5  5 26  5  5  5  5  5  5 1E 1F  5  4 12  9  9 
    14 15  9  8  5  5  5  5  5  5 22 23  5  5  5 1C 1D  5  5  5 26  5  5 22 23  5  8 1A 15  9 
    18 19  9  C  D  E  D  E  D  E  F  5  5  5  5 20 21 26  5  F  E  D  E  D  E  D  C 1B 19  9 
     9  9 14  A  6  7  6  7  6  7  4 26  5  5 26  5  5  5  5  4  7  6  7  6  7  6  B 12  9  9 
     9  9 18 13 11 11 11 11 11 11  8  5  5 1C 1D 24 25  5 26  8 10 11 11 11 11 11 11 14 15  9 
     9  9  9  9  9  9 14 15  9  9  4  5  5 20 21 28 29  5  5  4 1A  9  9  9  9  9  9 18 19  9 
     9  9 14 15  9  9 18 19  9 14  8  5  5  5  5  5 1C 1D  5  8 1B  9  9 14 15  9  9  9  9  9 
     2  3  2  3  2  3  1  9  9 18  4 2A 2B  5  5  5 20 21  5  4 12  9  9  1  2  3  2  3  2  3 
     5 24 25  5  5  5  4 12  9  9  8  5  5 26  5  5  5  5  5  8 12  9  9  8  5  5 26 1C 1D 26 
     5 28 29 26  5  5  4 12  9  9  C  D  E  D  E  D  E  D  E  C 12  9 14  4  5  5  5 20 21 1C 
     5  5  5 1E 1F 26  8 12 14 15  A  6  7  6  7  6  7  6  7  B 12  9 18  8  5  5 2A 2B  5 20 
     5 26  5 22 23  5  4 12 18 19 13 11 11 11 11 11 11 11 11 11 14 15  9  4  5 1C 1D  5 26  5 
     5  5  5  5 1C 1D  8 1A  9  9  9  9  9  9  9  9  9  9  9  9 18 19  9  8 26 20 21  5  5  5 
    26 24 25 26 20 21  4 1B  9  9  9  9  9 18 19  9  9  9 14 15  9  9  9  4 2A 2B  5 26 1E 1F 
     5 28 29  5 1E 1F  F  3  2  3  2  3  2  3  2  3  2  3  2  3  2  3  2  F  5 24 25  5 22 23 
    1C 1D 2A 2B 22 23  5 1C 1D 24 25  5  5 1C 1D  5  5 26 1C 1D  5 26  5 1C 1D 28 29  5  5  5 
    20 21  5 26  5 1C 1D 20 21 28 29 1C 1D 20 21  5 24 25 20 21 1C 1D  5 20 21  5 24 25 1C 1D 
     5 26  5  5  5 20 21  5  5 26  5 20 21  5 26  5 28 29  5  5 20 21  5  5  5 26 28 29 20 21 

  Layer 1: offset=1024, size=1020
  Unique values: [0, 1, 2, 4]
  Grid (30x34):
     0  0  0  0  0  1  0  0  0  0  0  0  0  0  0  0  0  1  0  0  0  0  0  0  0  0  0  0  0  0 
     0  0  0  0  0  1  0  0  0  0  0  0  0  0  0  0  0  1  0  0  0  0  0  0  0  0  0  0  0  0 
     0  0  0  0  0  1  0  0  0  0  0  0  0  0  0  0  0  1  0  0  0  0  0  0  0  0  0  0  0  0 
     0  0  0  0  0  1  0  0  0  0  0  0  0  0  0  0  0  1  0  0  0  0  0  0  0  0  0  0  0  0 
     0  0  0  0  0  1  0  0  0  0  0  0  0  0  0  0  0  1  0  0  0  0  0  0  0  0  0  0  0  0 
     0  0  0  0  0  1  0  0  0  0  0  0  0  0  0  0  0  1  0  0  0  0  0  0  0  0  0  0  0  0 
     0  0  0  0  0  0  1  0  0  0  0  0  1  0  0  0  0  0  1  1  0  0  0  0  1  0  0  0  0  0 
     0  0  0  0  0  0  1  0  0  0  0  0  0  0  0  0  0  0  0  1  0  0  0  0  0  0  0  0  0  0 
     0  0  0  0  0  0  1  0  0  0  0  0  0  0  0  0  0  0  0  1  0  0  0  0  0  0  0  0  0  0 
     0  0  0  0  0  0  0  0  0  0  0  0  0  0  0  0  0  0  0  1  0  0  0  0  0  0  0  0  0  0 
     0  0  0  0  0  0  0  0  0  0  0  0  0  0  0  0  0  0  0  1  0  0  0  0  0  0  0  0  0  0 
     0  0  0  0  0  0  0  0  0  0  0  0  0  0  0  0  0  0  0  1  0  0  0  0  0  0  0  0  0  0 
     0  0  0  0  0  0  0  0  0  0  0  0  0  0  0  0  0  0  0  1  0  0  0  0  0  0  0  0  0  0 
     0  0  0  0  0  0  0  0  0  0  1  0  0  0  0  0  0  0  0  0  0  0  0  0  0  0  1  0  0  0 
     0  0  0  0  0  0  0  0  0  0  0  0  0  0  0  0  0  0  0  0  0  0  0  0  0  0  1  0  0  0 
     0  0  0  0  0  0  0  0  0  0  0  0  0  0  0  0  0  0  0  0  0  0  0  0  0  0  1  0  0  0 
     0  0  0  0  0  0  0  0  0  0  0  0  0  0  0  0  0  0  0  0  0  0  0  0  0  0  1  0  0  0 
     0  0  0  0  0  0  0  0  0  0  0  0  0  0  0  0  0  0  0  0  0  0  0  0  0  0  1  0  0  0 
     0  0  0  0  0  0  0  0  0  0  4  0  0  0  0  0  0  0  0  2  0  0  0  0  0  0  1  0  0  0 
     0  0  0  0  0  0  0  0  0  0  0  0  0  0  0  0  0  0  0  1  0  0  0  0  0  0  0  0  0  0 
     0  0  0  0  0  0  0  0  0  0  0  0  0  0  0  0  0  0  0  1  0  0  0  0  0  0  0  0  0  0 
     0  0  0  0  0  0  0  0  0  0  0  0  0  0  0  0  0  0  0  1  0  0  0  0  0  0  0  0  0  0 
     0  0  0  0  0  0  0  0  0  0  0  0  0  0  0  0  0  0  0  1  0  0  0  0  0  0  0  0  0  0 
     0  0  0  0  0  0  1  0  0  0  0  0  0  0  0  0  0  0  0  1  0  0  0  0  0  0  0  0  0  0 
     1  0  0  1  1  1  1  0  0  0  0  0  0  0  0  0  0  0  0  1  0  0  0  0  0  0  0  0  0  0 
     1  0  0  0  1  1  1  0  0  0  0  0  0  0  0  0  0  0  0  1  0  0  0  0  0  0  0  0  0  0 
     0  0  0  0  0  0  1  0  0  0  0  0  0  0  0  0  0  0  0  0  0  0  0  0  0  0  0  0  0  0 
     0  0  0  0  0  1  1  0  0  0  0  0  0  0  0  0  0  0  0  0  0  0  0  0  0  0  0  0  0  0 
     0  0  0  0  0  0  1  0  0  0  0  0  0  0  0  0  0  0  0  0  0  0  0  0  0  0  0  0  0  0 
     0  0  0  0  0  0  1  0  0  0  0  0  0  0  0  0  0  0  0  0  0  0  0  0  0  0  0  0  0  0 
     0  0  0  0  0  0  0  0  0  0  0  0  0  0  0  0  0  0  0  0  0  0  0  1  0  0  0  0  0  0 
     0  0  0  0  0  0  0  0  0  0  0  0  0  0  0  0  0  0  0  0  0  0  0  0  0  0  0  0  0  0 
     0  0  0  0  0  0  0  0  0  0  0  0  0  0  0  0  0  0  0  0  0  0  0  0  0  0  0  0  0  0 
     0  0  0  0  0  0  0  0  0  0  0  0  0  0  0  0  0  0  0  0  0  0  0  0  0  0  0  0  0  0 

  Layer 2: offset=2044, size=1020
  Unique values: [1, 2, 3, 4, 5, 6, 7, 8, 9, 10, 11, 12, 13, 14, 15, 16, 17, 18, 19, 20, 21, 22, 23, 24, 25, 26, 27, 28, 29, 30, 31, 32, 33, 34, 35, 36, 37, 38, 40, 41, 42, 43, 44, 45]
  Grid (30x34):
    1C 1D 20 21 26  4 12  9  9  9  9  9  8  5 20 21 26  8 12 14 15  9  9  9  8 1C 1D  5  5 1C 
    20 21  5 2D 2C  8 12  9  9  9  9  9  4 1C 1D 2D  5  4 12 18 19  9  9  9  4 20 21 1C 1D 20 
     5  5  5  5  5  4 12  9 14 15  9  9  8 20 21 2C 26  8 12  9  9  9  9  9  8 26  5 20 21  5 
     5  5  5  5  5  8 1A  9 18 19  9  9  4 2D 26 1C 1D  4 12  9  9  9  9  9  4  5 24 25 26  5 
     5  5  5  5 2D  4 1B  9  9  9  9  9  8 26 2D 20 21  8 12  9  9  9 14 15  8  5 28 29 2C 2D 
     5 1C 1D  5 26  8 12  9  9  9  9  9  4 24 25  5 2D  4 12  9 18  9 18 19  4  5  5 26  5  5 
     5 20 21 2D  5  F  1  9  9  9  1  2  F 28 29  5  5  F  3  1  9  9  9  1  F  5  5 2A 2B 1C 
     5  5  5  5  5  5  8 12 18  9  4  5  5 26  5 1C 1D  5  5  8 12  9  9  8  5 2A 2B  5 26 20 
     D  E  D  E  D  E  C 12  9  9  8  5  5 2C 2D 20 21  5  5  4 12  9  9  C  D  E  D  E  D  E 
     6  7  6  7  6  7  B 12  9  9  4 2A 2B  5  5  5  5  5  5  8 12  9  9  A  6  7  6  7  6  7 
    11 11 11 11 11 11 11  9 14 15  8  5 26  5  5  5  5  5  5  4 1A  9  9 13 11 11 11 16 17 11 
     9  9  9  9  9  9  9  9 18 19  4  5  5  5  5  5  5  5  5  8 1B  9  9  9 14 15  9  9  9  9 
     9 18  9  9  9  9  9  9  9  9  8  5  5  5 1C 1D  5  5  5  4 12  9  9  9 18 19  9  9  9  9 
     9  9  9  1  2  3  2  3  2  3  F  5  5 2C 20 21  5  5  5  F  2  3  2  3  2  3  1  9 14 15 
     9  9  9  4  5  5  5 2D 26  5  5  5 2D 1C 1D 2A 2B  5  5  5 24 25  5  5  5  5  4 12 18 19 
     9  9 18  8  5 2A 2B 2C  5  5  5  5  5 20 21  5 2A 2B  5  5 28 29  5  5  5  5  8 12  9  9 
     9  9  9  4  5  5  5  5  5  5 1E 1F  5  5  5  5 26  5  5  5  5  5  5 1E 1F  5  4 12  9  9 
    14 15  9  8  5  5  5  5  5  5 22 23  5  5  5 1C 1D  5  5  5 26  5  5 22 23  5  8 1A 15  9 
    18 19  9  C  D  E  D  E  D  E  F  5  5  5  5 20 21 26  5  F  E  D  E  D  E  D  C 1B 19  9 
     9  9 14  A  6  7  6  7  6  7  4 26  5  5 26  5  5  5  5  4  7  6  7  6  7  6  B 12  9  9 
     9  9 18 13 11 11 11 11 11 11  8  5  5 1C 1D 24 25  5 26  8 10 11 11 11 11 11 11 14 15  9 
     9  9  9  9  9  9 14 15  9  9  4  5  5 20 21 28 29  5  5  4 1A  9  9  9  9  9  9 18 19  9 
     9  9 14 15  9  9 18 19  9 14  8  5  5  5  5  5 1C 1D  5  8 1B  9  9 14 15  9  9  9  9  9 
     2  3  2  3  2  3  1  9  9 18  4 2A 2B  5  5  5 20 21  5  4 12  9  9  1  2  3  2  3  2  3 
     5 24 25  5  5  5  4 12  9  9  8  5  5 26  5  5  5  5  5  8 12  9  9  8  5  5 26 1C 1D 26 
     5 28 29 26  5  5  4 12  9  9  C  D  E  D  E  D  E  D  E  C 12  9 14  4  5  5  5 20 21 1C 
     5  5  5 1E 1F 26  8 12 14 15  A  6  7  6  7  6  7  6  7  B 12  9 18  8  5  5 2A 2B  5 20 
     5 26  5 22 23  5  4 12 18 19 13 11 11 11 11 11 11 11 11 11 14 15  9  4  5 1C 1D  5 26  5 
     5  5  5  5 1C 1D  8 1A  9  9  9  9  9  9  9  9  9  9  9  9 18 19  9  8 26 20 21  5  5  5 
    26 24 25 26 20 21  4 1B  9  9  9  9  9 18 19  9  9  9 14 15  9  9  9  4 2A 2B  5 26 1E 1F 
     5 28 29  5 1E 1F  F  3  2  3  2  3  2  3  2  3  2  3  2  3  2  3  2  F  5 24 25  5 22 23 
    1C 1D 2A 2B 22 23  5 1C 1D 24 25  5  5 1C 1D  5  5 26 1C 1D  5 26  5 1C 1D 28 29  5  5  5 
    20 21  5 26  5 1C 1D 20 21 28 29 1C 1D 20 21  5 24 25 20 21 1C 1D  5 20 21  5 24 25 1C 1D 
     5 26  5  5  5 20 21  5  5 26  5 20 21  5 26  5 28 29  5  5 20 21  5  5  5 26 28 29 20 21 

  Layer 3: offset=3064, size=1020
  Unique values: [0, 1, 2, 4]
  Grid (30x34):
     0  0  0  0  0  1  0  0  0  0  0  0  0  0  0  0  0  1  0  0  0  0  0  0  0  0  0  0  0  0 
     0  0  0  0  0  1  0  0  0  0  0  0  0  0  0  0  0  1  0  0  0  0  0  0  0  0  0  0  0  0 
     0  0  0  0  0  1  0  0  0  0  0  0  0  0  0  0  0  1  0  0  0  0  0  0  0  0  0  0  0  0 
     0  0  0  0  0  1  0  0  0  0  0  0  0  0  0  0  0  1  0  0  0  0  0  0  0  0  0  0  0  0 
     0  0  0  0  0  1  0  0  0  0  0  0  0  0  0  0  0  1  0  0  0  0  0  0  0  0  0  0  0  0 
     0  0  0  0  0  1  0  0  0  0  0  0  0  0  0  0  0  1  0  0  0  0  0  0  0  0  0  0  0  0 
     0  0  0  0  0  0  1  0  0  0  0  0  1  0  0  0  0  0  1  1  0  0  0  0  1  0  0  0  0  0 
     0  0  0  0  0  0  1  0  0  0  0  0  0  0  0  0  0  0  0  1  0  0  0  0  0  0  0  0  0  0 
     0  0  0  0  0  0  1  0  0  0  0  0  0  0  0  0  0  0  0  1  0  0  0  0  0  0  0  0  0  0 
     0  0  0  0  0  0  0  0  0  0  0  0  0  0  0  0  0  0  0  1  0  0  0  0  0  0  0  0  0  0 
     0  0  0  0  0  0  0  0  0  0  0  0  0  0  0  0  0  0  0  1  0  0  0  0  0  0  0  0  0  0 
     0  0  0  0  0  0  0  0  0  0  0  0  0  0  0  0  0  0  0  1  0  0  0  0  0  0  0  0  0  0 
     0  0  0  0  0  0  0  0  0  0  0  0  0  0  0  0  0  0  0  1  0  0  0  0  0  0  0  0  0  0 
     0  0  0  0  0  0  0  0  0  0  1  0  0  0  0  0  0  0  0  0  0  0  0  0  0  0  1  0  0  0 
     0  0  0  0  0  0  0  0  0  0  0  0  0  0  0  0  0  0  0  0  0  0  0  0  0  0  1  0  0  0 
     0  0  0  0  0  0  0  0  0  0  0  0  0  0  0  0  0  0  0  0  0  0  0  0  0  0  1  0  0  0 
     0  0  0  0  0  0  0  0  0  0  0  0  0  0  0  0  0  0  0  0  0  0  0  0  0  0  1  0  0  0 
     0  0  0  0  0  0  0  0  0  0  0  0  0  0  0  0  0  0  0  0  0  0  0  0  0  0  1  0  0  0 
     0  0  0  0  0  0  0  0  0  0  4  0  0  0  0  0  0  0  0  2  0  0  0  0  0  0  1  0  0  0 
     0  0  0  0  0  0  0  0  0  0  0  0  0  0  0  0  0  0  0  1  0  0  0  0  0  0  0  0  0  0 
     0  0  0  0  0  0  0  0  0  0  0  0  0  0  0  0  0  0  0  1  0  0  0  0  0  0  0  0  0  0 
     0  0  0  0  0  0  0  0  0  0  0  0  0  0  0  0  0  0  0  1  0  0  0  0  0  0  0  0  0  0 
     0  0  0  0  0  0  0  0  0  0  0  0  0  0  0  0  0  0  0  1  0  0  0  0  0  0  0  0  0  0 
     0  0  0  0  0  0  1  0  0  0  0  0  0  0  0  0  0  0  0  1  0  0  0  0  0  0  0  0  0  0 
     1  0  0  1  1  1  1  0  0  0  0  0  0  0  0  0  0  0  0  1  0  0  0  0  0  0  0  0  0  0 
     1  0  0  0  1  1  1  0  0  0  0  0  0  0  0  0  0  0  0  1  0  0  0  0  0  0  0  0  0  0 
     0  0  0  0  0  0  1  0  0  0  0  0  0  0  0  0  0  0  0  0  0  0  0  0  0  0  0  0  0  0 
     0  0  0  0  0  1  1  0  0  0  0  0  0  0  0  0  0  0  0  0  0  0  0  0  0  0  0  0  0  0 
     0  0  0  0  0  0  1  0  0  0  0  0  0  0  0  0  0  0  0  0  0  0  0  0  0  0  0  0  0  0 
     0  0  0  0  0  0  1  0  0  0  0  0  0  0  0  0  0  0  0  0  0  0  0  0  0  0  0  0  0  0 
     0  0  0  0  0  0  0  0  0  0  0  0  0  0  0  0  0  0  0  0  0  0  0  1  0  0  0  0  0  0 
     0  0  0  0  0  0  0  0  0  0  0  0  0  0  0  0  0  0  0  0  0  0  0  0  0  0  0  0  0  0 
     0  0  0  0  0  0  0  0  0  0  0  0  0  0  0  0  0  0  0  0  0  0  0  0  0  0  0  0  0  0 
     0  0  0  0  0  0  0  0  0  0  0  0  0  0  0  0  0  0  0  0  0  0  0  0  0  0  0  0  0  0 

============================================================
mapsp1 (size=3764)
============================================================
Dimensions: 20x47 = 940 tiles

  Layer 0: offset=4, size=940
  Unique values: [0, 1, 2, 3, 5, 6]
  Grid (20x47):
     0  0  0  0  0  0  0  3  0  0  0  1  2  0  0  0  0  0  0  0 
     0  0  0  0  0  0  0  0  0  0  0  5  6  3  0  0  0  0  1  2 
     0  0  0  0  0  0  0  0  0  0  0  0  0  0  0  0  0  0  5  6 
     0  0  0  0  0  0  0  0  0  0  0  0  0  0  0  0  0  0  0  3 
     3  0  0  0  0  0  0  0  0  0  0  0  0  0  0  0  0  0  0  0 
     0  0  0  0  0  0  0  0  0  0  0  0  0  0  0  0  0  0  0  0 
     0  0  0  0  0  0  0  0  0  0  0  0  0  0  0  0  0  0  0  0 
     0  0  0  0  0  0  0  0  0  0  0  0  0  0  0  0  0  0  0  3 
     0  0  0  0  0  1  2  0  0  0  0  0  0  0  0  0  0  0  0  0 
     0  0  0  0  0  5  6  0  3  0  0  0  0  0  0  0  0  0  0  0 
     0  0  0  0  0  0  0  0  0  0  0  0  0  0  0  0  0  0  0  1 
     0  0  0  0  0  0  0  0  0  0  0  0  0  0  0  0  0  0  0  5 
     3  0  0  0  0  0  0  0  0  0  0  0  0  0  0  0  0  0  0  0 
     0  0  0  0  0  0  0  0  0  0  0  0  0  0  0  0  0  0  3  0 
     0  0  0  0  0  0  0  0  0  0  0  0  0  0  0  0  0  0  0  3 
     0  0  0  0  0  0  0  0  0  0  0  0  0  0  1  2  0  0  0  0 
     1  2  0  0  0  0  0  0  0  0  0  0  0  3  5  6  0  0  0  0 
     5  6  0  0  0  0  0  0  0  0  0  0  0  0  0  0  0  1  2  0 
     0  0  0  0  0  0  0  0  0  0  0  0  0  0  0  0  0  5  6  0 
     0  0  0  0  0  0  0  0  0  0  0  0  0  0  0  0  0  0  1  2 
     0  0  0  0  0  0  0  0  0  0  0  0  0  0  0  0  0  0  5  6 
     0  0  0  0  0  0  0  0  0  0  0  0  0  0  0  0  0  0  3  0 
     0  0  0  0  0  0  0  0  0  0  0  0  0  0  0  0  0  0  0  0 
     0  1  2  0  0  0  0  0  0  0  0  0  0  0  0  0  0  0  0  0 
     0  5  6  0  0  0  0  0  0  0  0  0  0  0  0  0  0  0  0  0 
     0  0  0  0  3  0  0  0  0  0  0  0  0  0  0  0  0  0  0  3 
     0  0  0  0  0  0  0  0  0  0  0  0  0  0  0  0  0  0  0  0 
     0  0  0  0  0  1  2  0  0  0  0  0  0  0  0  0  0  0  0  0 
     0  0  0  0  0  5  6  0  0  0  0  0  0  0  0  0  0  0  3  1 
     0  0  0  0  0  0  0  0  0  0  0  0  0  0  0  0  0  0  0  5 
     0  0  0  0  0  0  0  0  0  0  0  0  0  0  0  1  2  0  0  0 
     0  0  0  0  0  0  0  0  0  0  0  0  0  0  0  5  6  3  0  0 
     0  0  0  0  0  0  0  0  0  0  0  0  0  0  0  0  0  0  0  0 
     0  0  0  0  0  0  0  1  2  0  0  0  0  0  0  0  0  0  0  1 
     0  0  0  0  0  0  0  5  6  0  0  0  0  0  0  0  0  0  3  5 
     0  0  0  0  0  0  0  3  0  0  0  0  0  0  0  0  0  0  0  0 
     0  0  0  0  0  0  0  0  0  0  0  0  0  0  0  0  0  0  1  2 
     0  3  0  0  0  0  0  0  0  0  0  0  0  0  0  0  0  0  5  6 
     0  0  0  0  0  0  0  0  0  0  0  0  0  0  0  0  0  0  3  0 
     0  0  0  0  0  0  0  0  0  0  0  0  0  0  0  0  0  0  0  1 
     0  0  0  0  0  0  0  0  0  0  0  0  0  0  0  0  0  3  0  5 
     0  0  0  0  0  0  0  0  0  0  0  0  0  0  0  0  0  0  1  2 
     0  0  0  0  0  0  0  0  0  0  0  0  0  0  0  0  0  0  5  6 
     1  2  0  0  0  0  0  0  0  0  0  0  0  0  0  0  0  3  0  0 
     5  6  0  0  0  0  0  0  0  0  0  0  0  0  0  0  0  0  0  3 
     0  0  0  0  0  0  0  0  0  0  0  0  0  0  0  0  0  0  3  1 
     0  0  0  0  0  0  0  0  0  0  0  0  0  0  0  0  0  0  0  5 

  Layer 1: offset=944, size=940
  Unique values: [0, 1]
  Grid (20x47):
     0  0  0  0  0  0  0  0  0  0  0  0  0  0  0  0  0  0  0  0 
     0  0  0  0  0  0  0  0  0  0  0  0  0  0  0  0  0  0  0  0 
     0  0  0  0  0  0  0  0  0  0  0  0  0  0  0  0  0  0  0  0 
     0  0  0  0  0  0  0  0  0  0  0  0  0  0  0  0  0  0  0  0 
     0  0  0  0  0  0  0  0  0  0  0  0  0  0  0  0  0  0  0  0 
     0  0  0  0  0  0  0  0  0  0  0  0  0  0  0  0  0  0  0  0 
     0  0  0  0  0  0  0  0  0  0  0  0  0  0  0  0  0  0  0  0 
     0  0  0  0  0  0  0  0  0  0  0  0  0  0  0  0  0  0  0  1 
     0  0  0  0  0  0  0  0  0  0  0  0  0  0  0  0  0  0  0  0 
     0  0  0  0  0  0  0  0  0  0  0  0  0  0  0  0  0  0  0  0 
     0  0  0  0  0  0  0  0  0  0  0  0  0  0  0  0  0  0  0  0 
     0  0  0  0  0  0  0  0  0  0  0  0  0  0  0  0  0  0  0  0 
     0  0  0  0  0  0  0  0  0  0  0  0  0  0  0  0  0  0  0  0 
     0  0  0  0  0  0  0  0  0  0  0  0  0  0  0  0  0  0  0  0 
     0  0  0  0  0  0  0  0  0  0  0  0  0  0  0  0  0  0  0  0 
     0  0  0  0  0  0  0  0  0  0  0  0  0  0  0  0  0  0  0  0 
     0  0  0  0  0  0  0  0  0  0  0  0  0  0  0  0  0  0  0  0 
     0  0  0  0  0  0  0  0  0  0  0  0  0  0  0  0  0  0  0  0 
     0  0  0  0  0  0  0  0  0  0  0  0  0  0  0  0  0  0  0  0 
     0  0  0  0  0  0  0  0  0  0  0  0  0  0  0  0  0  0  0  0 
     0  0  0  0  0  0  0  0  0  0  0  0  0  0  0  0  0  0  0  0 
     0  0  0  0  0  0  0  0  0  0  0  0  0  0  0  0  0  0  0  0 
     0  0  0  0  0  0  0  0  0  0  0  0  0  0  0  0  0  0  0  0 
     0  0  0  0  0  0  0  0  0  0  0  0  0  0  0  0  0  0  0  0 
     0  0  0  0  0  0  0  0  0  0  0  0  0  0  0  0  0  0  0  0 
     0  0  0  0  0  0  0  0  0  0  0  0  0  0  0  0  0  0  0  0 
     0  0  0  0  0  0  0  0  0  0  0  0  0  0  0  0  0  0  0  0 
     0  0  0  0  0  0  0  0  0  0  0  0  0  0  0  0  0  0  0  0 
     0  0  0  0  0  0  0  0  0  0  0  0  0  0  0  0  0  0  0  0 
     0  0  0  0  0  0  0  0  0  0  0  0  0  0  0  0  0  0  0  0 
     0  0  0  0  0  0  0  0  0  0  0  0  0  0  0  0  0  0  0  0 
     0  0  0  0  0  0  0  0  0  0  0  0  0  0  0  0  0  0  0  0 
     0  0  0  0  0  0  0  0  0  0  0  0  0  0  0  0  0  0  0  0 
     0  0  0  0  0  0  0  0  0  0  0  0  0  0  0  0  0  0  0  0 
     0  0  0  0  0  0  0  0  0  0  0  0  0  0  0  0  0  0  0  0 
     0  0  0  0  0  0  0  0  0  0  0  0  0  0  0  0  0  0  0  0 
     0  0  0  0  0  0  0  0  0  0  0  0  0  0  0  0  0  0  0  0 
     0  0  0  0  0  0  0  0  0  0  0  0  0  0  0  0  0  0  0  0 
     0  0  0  0  0  0  0  0  0  0  0  0  0  0  0  0  0  0  0  0 
     0  0  0  0  0  0  0  0  0  0  0  0  0  0  0  0  0  0  0  0 
     0  0  0  0  0  0  0  0  0  0  0  0  0  0  0  0  0  0  0  0 
     0  0  0  0  0  0  0  0  0  0  0  0  0  0  0  0  0  0  0  0 
     0  0  0  0  0  0  0  0  0  0  0  0  0  0  0  0  0  0  0  0 
     0  0  0  0  0  0  0  0  0  0  0  0  0  0  0  0  0  0  0  0 
     0  0  0  0  0  0  0  0  0  0  0  0  0  0  0  0  0  0  0  0 
     0  0  0  0  0  0  0  0  0  0  0  0  0  0  0  0  0  0  0  0 
     0  0  0  0  0  0  0  0  0  0  0  0  0  0  0  0  0  0  0  0 

  Layer 2: offset=1884, size=940
  Unique values: [0, 1, 2, 3, 5, 6]
  Grid (20x47):
     0  0  0  0  0  0  0  3  0  0  0  1  2  0  0  0  0  0  0  0 
     0  0  0  0  0  0  0  0  0  0  0  5  6  3  0  0  0  0  1  2 
     0  0  0  0  0  0  0  0  0  0  0  0  0  0  0  0  0  0  5  6 
     0  0  0  0  0  0  0  0  0  0  0  0  0  0  0  0  0  0  0  3 
     3  0  0  0  0  0  0  0  0  0  0  0  0  0  0  0  0  0  0  0 
     0  0  0  0  0  0  0  0  0  0  0  0  0  0  0  0  0  0  0  0 
     0  0  0  0  0  0  0  0  0  0  0  0  0  0  0  0  0  0  0  0 
     0  0  0  0  0  0  0  0  0  0  0  0  0  0  0  0  0  0  0  3 
     0  0  0  0  0  1  2  0  0  0  0  0  0  0  0  0  0  0  0  0 
     0  0  0  0  0  5  6  0  3  0  0  0  0  0  0  0  0  0  0  0 
     0  0  0  0  0  0  0  0  0  0  0  0  0  0  0  0  0  0  0  1 
     0  0  0  0  0  0  0  0  0  0  0  0  0  0  0  0  0  0  0  5 
     3  0  0  0  0  0  0  0  0  0  0  0  0  0  0  0  0  0  0  0 
     0  0  0  0  0  0  0  0  0  0  0  0  0  0  0  0  0  0  3  0 
     0  0  0  0  0  0  0  0  0  0  0  0  0  0  0  0  0  0  0  3 
     0  0  0  0  0  0  0  0  0  0  0  0  0  0  1  2  0  0  0  0 
     1  2  0  0  0  0  0  0  0  0  0  0  0  3  5  6  0  0  0  0 
     5  6  0  0  0  0  0  0  0  0  0  0  0  0  0  0  0  1  2  0 
     0  0  0  0  0  0  0  0  0  0  0  0  0  0  0  0  0  5  6  0 
     0  0  0  0  0  0  0  0  0  0  0  0  0  0  0  0  0  0  1  2 
     0  0  0  0  0  0  0  0  0  0  0  0  0  0  0  0  0  0  5  6 
     0  0  0  0  0  0  0  0  0  0  0  0  0  0  0  0  0  0  3  0 
     0  0  0  0  0  0  0  0  0  0  0  0  0  0  0  0  0  0  0  0 
     0  1  2  0  0  0  0  0  0  0  0  0  0  0  0  0  0  0  0  0 
     0  5  6  0  0  0  0  0  0  0  0  0  0  0  0  0  0  0  0  0 
     0  0  0  0  3  0  0  0  0  0  0  0  0  0  0  0  0  0  0  3 
     0  0  0  0  0  0  0  0  0  0  0  0  0  0  0  0  0  0  0  0 
     0  0  0  0  0  1  2  0  0  0  0  0  0  0  0  0  0  0  0  0 
     0  0  0  0  0  5  6  0  0  0  0  0  0  0  0  0  0  0  3  1 
     0  0  0  0  0  0  0  0  0  0  0  0  0  0  0  0  0  0  0  5 
     0  0  0  0  0  0  0  0  0  0  0  0  0  0  0  1  2  0  0  0 
     0  0  0  0  0  0  0  0  0  0  0  0  0  0  0  5  6  3  0  0 
     0  0  0  0  0  0  0  0  0  0  0  0  0  0  0  0  0  0  0  0 
     0  0  0  0  0  0  0  1  2  0  0  0  0  0  0  0  0  0  0  1 
     0  0  0  0  0  0  0  5  6  0  0  0  0  0  0  0  0  0  3  5 
     0  0  0  0  0  0  0  3  0  0  0  0  0  0  0  0  0  0  0  0 
     0  0  0  0  0  0  0  0  0  0  0  0  0  0  0  0  0  0  1  2 
     0  3  0  0  0  0  0  0  0  0  0  0  0  0  0  0  0  0  5  6 
     0  0  0  0  0  0  0  0  0  0  0  0  0  0  0  0  0  0  3  0 
     0  0  0  0  0  0  0  0  0  0  0  0  0  0  0  0  0  0  0  1 
     0  0  0  0  0  0  0  0  0  0  0  0  0  0  0  0  0  3  0  5 
     0  0  0  0  0  0  0  0  0  0  0  0  0  0  0  0  0  0  1  2 
     0  0  0  0  0  0  0  0  0  0  0  0  0  0  0  0  0  0  5  6 
     1  2  0  0  0  0  0  0  0  0  0  0  0  0  0  0  0  3  0  0 
     5  6  0  0  0  0  0  0  0  0  0  0  0  0  0  0  0  0  0  3 
     0  0  0  0  0  0  0  0  0  0  0  0  0  0  0  0  0  0  3  1 
     0  0  0  0  0  0  0  0  0  0  0  0  0  0  0  0  0  0  0  5 

  Layer 3: offset=2824, size=940
  Unique values: [0, 1]
  Grid (20x47):
     0  0  0  0  0  0  0  0  0  0  0  0  0  0  0  0  0  0  0  0 
     0  0  0  0  0  0  0  0  0  0  0  0  0  0  0  0  0  0  0  0 
     0  0  0  0  0  0  0  0  0  0  0  0  0  0  0  0  0  0  0  0 
     0  0  0  0  0  0  0  0  0  0  0  0  0  0  0  0  0  0  0  0 
     0  0  0  0  0  0  0  0  0  0  0  0  0  0  0  0  0  0  0  0 
     0  0  0  0  0  0  0  0  0  0  0  0  0  0  0  0  0  0  0  0 
     0  0  0  0  0  0  0  0  0  0  0  0  0  0  0  0  0  0  0  0 
     0  0  0  0  0  0  0  0  0  0  0  0  0  0  0  0  0  0  0  1 
     0  0  0  0  0  0  0  0  0  0  0  0  0  0  0  0  0  0  0  0 
     0  0  0  0  0  0  0  0  0  0  0  0  0  0  0  0  0  0  0  0 
     0  0  0  0  0  0  0  0  0  0  0  0  0  0  0  0  0  0  0  0 
     0  0  0  0  0  0  0  0  0  0  0  0  0  0  0  0  0  0  0  0 
     0  0  0  0  0  0  0  0  0  0  0  0  0  0  0  0  0  0  0  0 
     0  0  0  0  0  0  0  0  0  0  0  0  0  0  0  0  0  0  0  0 
     0  0  0  0  0  0  0  0  0  0  0  0  0  0  0  0  0  0  0  0 
     0  0  0  0  0  0  0  0  0  0  0  0  0  0  0  0  0  0  0  0 
     0  0  0  0  0  0  0  0  0  0  0  0  0  0  0  0  0  0  0  0 
     0  0  0  0  0  0  0  0  0  0  0  0  0  0  0  0  0  0  0  0 
     0  0  0  0  0  0  0  0  0  0  0  0  0  0  0  0  0  0  0  0 
     0  0  0  0  0  0  0  0  0  0  0  0  0  0  0  0  0  0  0  0 
     0  0  0  0  0  0  0  0  0  0  0  0  0  0  0  0  0  0  0  0 
     0  0  0  0  0  0  0  0  0  0  0  0  0  0  0  0  0  0  0  0 
     0  0  0  0  0  0  0  0  0  0  0  0  0  0  0  0  0  0  0  0 
     0  0  0  0  0  0  0  0  0  0  0  0  0  0  0  0  0  0  0  0 
     0  0  0  0  0  0  0  0  0  0  0  0  0  0  0  0  0  0  0  0 
     0  0  0  0  0  0  0  0  0  0  0  0  0  0  0  0  0  0  0  0 
     0  0  0  0  0  0  0  0  0  0  0  0  0  0  0  0  0  0  0  0 
     0  0  0  0  0  0  0  0  0  0  0  0  0  0  0  0  0  0  0  0 
     0  0  0  0  0  0  0  0  0  0  0  0  0  0  0  0  0  0  0  0 
     0  0  0  0  0  0  0  0  0  0  0  0  0  0  0  0  0  0  0  0 
     0  0  0  0  0  0  0  0  0  0  0  0  0  0  0  0  0  0  0  0 
     0  0  0  0  0  0  0  0  0  0  0  0  0  0  0  0  0  0  0  0 
     0  0  0  0  0  0  0  0  0  0  0  0  0  0  0  0  0  0  0  0 
     0  0  0  0  0  0  0  0  0  0  0  0  0  0  0  0  0  0  0  0 
     0  0  0  0  0  0  0  0  0  0  0  0  0  0  0  0  0  0  0  0 
     0  0  0  0  0  0  0  0  0  0  0  0  0  0  0  0  0  0  0  0 
     0  0  0  0  0  0  0  0  0  0  0  0  0  0  0  0  0  0  0  0 
     0  0  0  0  0  0  0  0  0  0  0  0  0  0  0  0  0  0  0  0 
     0  0  0  0  0  0  0  0  0  0  0  0  0  0  0  0  0  0  0  0 
     0  0  0  0  0  0  0  0  0  0  0  0  0  0  0  0  0  0  0  0 
     0  0  0  0  0  0  0  0  0  0  0  0  0  0  0  0  0  0  0  0 
     0  0  0  0  0  0  0  0  0  0  0  0  0  0  0  0  0  0  0  0 
     0  0  0  0  0  0  0  0  0  0  0  0  0  0  0  0  0  0  0  0 
     0  0  0  0  0  0  0  0  0  0  0  0  0  0  0  0  0  0  0  0 
     0  0  0  0  0  0  0  0  0  0  0  0  0  0  0  0  0  0  0  0 
     0  0  0  0  0  0  0  0  0  0  0  0  0  0  0  0  0  0  0  0 
     0  0  0  0  0  0  0  0  0  0  0  0  0  0  0  0  0  0  0  0 
